0 0 p3 12 11 9 12 10 12 12 11 11
0 1 p2 11 14 8 11 9 11 12 13 8
0 2 p1 11 14 11 13 12 12 10 12 11
1 3 p1 9 13 8 12 10 11 8
1 4 p3 10 13 9 13 12 14 12 13 8 11 10 12 12
2 5 p2 11 13 11 13 9 14 9
2 6 p5 8 13 12 13 9 14 9 13 10 12 10
2 7 p3 9 11 10 13 10 13 9
3 8 p4 12 14 11 14 10 13 11 11 11
3 9 p3 12 13 11 14 8 13 9 11 11 11 8 14 10
4 10 p5 9 12 12 11 9 13 12 14 10 12 9
4 11 p2 9 14 11 11 11 14 9 12 9 12 12 13 9
4 12 p5 8 14 9 13 12 13 12 11 11 11 11
5 13 p2 12 12 12 14 11 11 10
5 14 p5 11 12 12 11 11 11 8 13 9 11 9 11 11
6 15 p3 10 12 8 14 9 11 9 13 10 13 9
6 16 p3 11 13 12 11 12 11 11 14 12 13 9
6 17 p3 11 13 10 12 12 11 9
7 18 p2 10 11 9 11 8 13 11 12 9
7 19 p3 11 14 10 13 9 11 11 12 10 12 12 14 10
7 20 p1 12 13 11 14 12 13 8 13 8 13 12
8 21 p2 12 12 11 11 12 11 10 14 8
8 22 p4 12 12 10 13 9 13 12 14 11
8 23 p4 10 14 12 14 11 13 8
9 24 p1 8 13 8 12 9 13 10 13 10 12 10 12 9
9 25 p2 8 11 11 14 11 12 10 11 11
9 26 p1 8 11 12 14 12 14 12
10 27 p3 9 12 9 13 11 14 9 11 9
11 28 p5 11 14 9 14 8 11 10 11 9
11 29 p3 8 12 8 12 10 14 12 13 9 14 12 12 12
11 30 p3 12 14 10 14 12 11 9 12 9
12 31 p4 10 12 9 13 10 14 11
13 32 p4 10 12 12 11 10 12 10 13 10
14 33 p1 11 14 12 11 8 11 10 14 11
14 34 p1 8 11 12 12 8 13 8 13 8
14 35 p1 10 14 8 14 10 12 9
15 36 p2 9 14 9 14 8 14 8
15 37 p2 9 14 12 12 8 12 10 11 10
15 38 p5 11 11 10 13 8 14 9 11 8
16 39 p4 12 14 12 12 8 11 11 13 12
16 40 p5 12 13 10 13 9 12 12 14 10
16 41 p5 12 13 8 13 12 12 12 11 8 14 12 12 10
17 42 p4 8 11 12 13 9 11 10 13 10
18 43 p5 11 12 10 14 8 14 12 13 8
18 44 p3 10 14 9 11 10 14 9
18 45 p2 9 13 8 14 11 11 10 13 10
19 46 p3 12 13 10 14 12 14 10 13 12 12 11 13 8
20 47 p5 8 12 12 12 9 11 11 11 8
20 48 p5 11 11 8 14 10 14 8 11 12
21 49 p4 8 13 9 12 9 14 9 11 8 13 12 13 8
22 50 p2 9 13 10 14 10 12 11 14 11 13 11
22 51 p1 11 12 10 13 11 11 9 14 11 12 10
23 52 p2 10 11 8 13 12 14 9 11 11 11 12
24 53 p5 8 11 9 12 9 14 11 11 9 14 9
24 54 p4 8 13 8 11 11 13 9 13 10
25 55 p4 11 11 12 12 10 13 10 12 9 11 8
26 56 p4 10 12 9 11 12 11 10 11 12 11 9
26 57 p1 11 11 11 11 8 13 8 13 10 13 12
27 58 p1 12 14 11 13 8 12 12 13 9 12 11 11 8
27 59 p4 10 11 12 12 10 11 12
27 60 p4 11 11 12 11 10 11 12 13 12 14 9
28 61 p1 10 12 12 14 11 14 8
29 62 p2 9 14 12 12 11 11 9 14 12
30 63 p3 11 13 12 14 12 14 12
30 64 p5 8 12 11 14 10 11 8 13 8 11 11 14 12
30 65 p3 9 11 12 11 9 11 10 13 10
31 66 p1 12 14 12 13 12 13 8 14 8 11 11
31 67 p4 10 11 8 13 8 12 10
31 68 p1 11 12 11 14 8 14 11
32 69 p5 9 13 12 13 9 12 8
33 70 p5 9 12 9 14 8 13 8 13 12 14 8 13 10
33 71 p4 9 12 8 12 10 11 11 12 12 11 8
34 72 p1 11 12 12 13 8 11 8 13 10 13 11 14 11
34 73 p3 8 12 11 12 9 12 9
35 74 p1 12 11 10 14 11 13 12 12 9 11 10 12 8
36 75 p2 9 14 10 12 10 13 11 14 10 13 8
36 76 p4 12 12 11 11 8 13 9 14 10 12 11 11 8
37 77 p4 10 14 12 13 8 12 11 13 11 14 9 11 10
37 78 p2 12 12 11 13 8 11 8 14 9 13 9 13 11
37 79 p5 12 13 8 13 10 12 10
38 80 p5 8 12 8 13 12 11 9 11 9 14 12 11 12
38 81 p4 12 14 9 12 12 13 11 11 11
39 82 p2 12 14 10 14 12 12 9 13 8 12 12
39 83 p3 12 12 11 13 12 14 11 14 11
39 84 p1 10 12 10 13 10 12 11 12 11
40 85 p2 9 13 8 13 8 13 10 11 9
40 86 p3 10 14 12 11 10 13 10 12 9 13 11 13 10
40 87 p4 11 11 8 14 12 11 10 12 8
41 88 p1 12 13 11 12 12 13 11 11 9 13 9 13 10
42 89 p4 11 14 11 13 12 12 12 13 9 14 9 11 12
42 90 p2 12 12 12 13 11 13 9 12 8 11 12
42 91 p1 10 14 11 13 12 12 9
43 92 p3 8 14 8 14 12 14 12
43 93 p2 8 14 11 11 12 12 9 13 8
43 94 p3 10 12 8 14 9 11 10 12 10 12 8
44 95 p5 12 12 11 14 12 13 10 12 8 13 9
44 96 p5 11 12 8 13 9 13 9 11 11 12 8 14 12
45 97 p1 9 11 8 14 10 13 8 11 12 11 9 13 8
46 98 p2 12 13 11 14 11 13 9 12 9 12 9 12 8
46 99 p5 11 14 9 12 10 14 10 13 12 14 9
